6
7
52
59
60
71
111
113
114
151
158
161
166
183
198
201
222
227
253
281
296
300
301
320
328
333
340
344
354
356
360
385
417
432
513
517
538
548
579
612
615
621
641
656
668
689
717
723
726
748
761
798
806
862
869
873
883
905
924
951
954
1079
1080
1094
1109
1120
1187
1209
1215
1219
1220
1231
1280
1327
1359
1400
1421
1434
1507
1519
1560
1568
1574
1579
1608
1609
1649
1676
1682
1775
1806
1819
1840
1842
1847
1850
1920
1961
1972
1983
2012
2020
2065
2068
2110
2138
2148
2195
2212
2240
2251
2281
2305
2307
2308
2346
2358
2362
2422
2473
2611
2686
2720
2723
2742
2782
2801
2810
2830
2841
2905
2940
3018
3086
3091
3147
3216
3270
3282
3370
3392
3436
3499
3512
3514
3521
3535
3551
3610
3640
3812
3816
3866
3920
3973
4172
4282
4336
4338
4393
4498
4506
4525
4573
4686
4694
4701
4735
4796
4859
4877
4910
5140
5330
5395
5497
5543
5716
5820
6042
6122
6129
6265
6397
6585
6888
6944
7174
7193
7310
7449
7498
8046
8227
9347
